300	1.01E-03
301	1.88E-03
302	2.81E-03
303	6.71E-03
304	8.91E-03
305	1.54E-02
306	1.74E-02
307	2.60E-02
308	3.53E-02
309	3.78E-02
310	4.76E-02
311	7.75E-02
312	8.75E-02
313	1.01E-01
314	1.12E-01
315	1.28E-01
316	1.16E-01
317	1.62E-01
318	1.66E-01
319	1.94E-01
320	1.93E-01
321	2.37E-01
322	2.09E-01
323	2.01E-01
324	2.61E-01
325	2.63E-01
326	3.61E-01
327	3.77E-01
328	3.31E-01
329	4.00E-01
330	4.46E-01
331	3.79E-01
332	4.12E-01
333	4.06E-01
334	3.90E-01
335	4.38E-01
336	3.92E-01
337	3.52E-01
338	4.09E-01
339	4.37E-01
340	4.73E-01
341	4.45E-01
342	4.62E-01
343	4.86E-01
344	3.94E-01
345	4.33E-01
346	4.51E-01
347	4.66E-01
348	4.49E-01
349	4.40E-01
350	4.99E-01
351	5.21E-01
352	4.89E-01
353	4.91E-01
354	5.71E-01
355	5.77E-01
356	5.23E-01
357	4.31E-01
358	4.06E-01
359	4.43E-01
360	5.65E-01
361	4.91E-01
362	5.05E-01
363	5.69E-01
364	5.73E-01
365	5.90E-01
366	6.95E-01
367	6.84E-01
368	6.31E-01
369	6.56E-01
370	7.14E-01
371	6.56E-01
372	6.38E-01
373	5.86E-01
374	5.27E-01
375	5.58E-01
376	6.39E-01
377	6.75E-01
378	8.11E-01
379	7.05E-01
380	6.65E-01
381	7.25E-01
382	5.57E-01
383	4.32E-01
384	4.85E-01
385	6.41E-01
386	5.91E-01
387	6.20E-01
388	6.06E-01
389	6.53E-01
390	7.60E-01
391	8.12E-01
392	7.59E-01
393	4.58E-01
394	4.73E-01
395	7.72E-01
396	7.23E-01
397	4.08E-01
398	8.16E-01
399	1.02E+00
400	1.07E+00
401	1.11E+00
402	1.16E+00
403	1.11E+00
404	1.13E+00
405	1.10E+00
406	1.08E+00
407	1.06E+00
408	1.11E+00
409	1.18E+00
410	1.01E+00
411	1.13E+00
412	1.20E+00
413	1.15E+00
414	1.14E+00
415	1.18E+00
416	1.22E+00
417	1.19E+00
418	1.14E+00
419	1.18E+00
420	1.09E+00
421	1.23E+00
422	1.22E+00
423	1.18E+00
424	1.17E+00
425	1.21E+00
426	1.18E+00
427	1.14E+00
428	1.15E+00
429	1.06E+00
430	8.50E-01
431	7.72E-01
432	1.28E+00
433	1.20E+00
434	1.11E+00
435	1.21E+00
436	1.33E+00
437	1.36E+00
438	1.19E+00
439	1.15E+00
440	1.32E+00
441	1.30E+00
442	1.39E+00
443	1.41E+00
444	1.38E+00
445	1.43E+00
446	1.28E+00
447	1.46E+00
448	1.48E+00
449	1.48E+00
450	1.53E+00
451	1.59E+00
452	1.52E+00
453	1.41E+00
454	1.51E+00
455	1.50E+00
456	1.55E+00
457	1.56E+00
458	1.53E+00
459	1.52E+00
460	1.51E+00
461	1.56E+00
462	1.58E+00
463	1.58E+00
464	1.54E+00
465	1.52E+00
466	1.55E+00
467	1.48E+00
468	1.55E+00
469	1.56E+00
470	1.50E+00
471	1.52E+00
472	1.60E+00
473	1.54E+00
474	1.56E+00
475	1.61E+00
476	1.55E+00
477	1.56E+00
478	1.61E+00
479	1.58E+00
480	1.60E+00
481	1.60E+00
482	1.61E+00
483	1.59E+00
484	1.56E+00
485	1.55E+00
486	1.26E+00
487	1.41E+00
488	1.52E+00
489	1.43E+00
490	1.60E+00
491	1.54E+00
492	1.46E+00
493	1.57E+00
494	1.53E+00
495	1.62E+00
496	1.54E+00
497	1.57E+00
498	1.52E+00
499	1.52E+00
500	1.51E+00
501	1.47E+00
502	1.46E+00
503	1.53E+00
504	1.43E+00
505	1.53E+00
506	1.59E+00
507	1.52E+00
508	1.48E+00
509	1.55E+00
510	1.51E+00
511	1.54E+00
512	1.58E+00
513	1.48E+00
514	1.45E+00
515	1.49E+00
516	1.50E+00
517	1.22E+00
518	1.40E+00
519	1.36E+00
520	1.48E+00
521	1.49E+00
522	1.52E+00
523	1.43E+00
524	1.54E+00
525	1.53E+00
526	1.48E+00
527	1.30E+00
528	1.48E+00
529	1.55E+00
530	1.49E+00
531	1.57E+00
532	1.54E+00
533	1.38E+00
534	1.47E+00
535	1.50E+00
536	1.56E+00
537	1.44E+00
538	1.51E+00
539	1.48E+00
540	1.42E+00
541	1.37E+00
542	1.49E+00
543	1.46E+00
544	1.51E+00
545	1.48E+00
546	1.47E+00
547	1.48E+00
548	1.44E+00
549	1.49E+00
550	1.47E+00
551	1.47E+00
552	1.50E+00
553	1.46E+00
554	1.49E+00
555	1.49E+00
556	1.47E+00
557	1.43E+00
558	1.46E+00
559	1.38E+00
560	1.41E+00
561	1.49E+00
562	1.41E+00
563	1.47E+00
564	1.44E+00
565	1.45E+00
566	1.37E+00
567	1.46E+00
568	1.44E+00
569	1.41E+00
570	1.41E+00
571	1.36E+00
572	1.44E+00
573	1.44E+00
574	1.44E+00
575	1.40E+00
576	1.39E+00
577	1.43E+00
578	1.38E+00
579	1.40E+00
580	1.42E+00
581	1.43E+00
582	1.45E+00
583	1.47E+00
584	1.46E+00
585	1.45E+00
586	1.42E+00
587	1.45E+00
588	1.41E+00
589	1.22E+00
590	1.30E+00
591	1.39E+00
592	1.36E+00
593	1.38E+00
594	1.37E+00
595	1.35E+00
596	1.39E+00
597	1.40E+00
598	1.38E+00
599	1.38E+00
600	1.39E+00
601	1.38E+00
602	1.36E+00
603	1.38E+00
604	1.41E+00
605	1.41E+00
606	1.40E+00
607	1.41E+00
608	1.40E+00
609	1.39E+00
610	1.39E+00
611	1.38E+00
612	1.40E+00
613	1.38E+00
614	1.34E+00
615	1.39E+00
616	1.35E+00
617	1.33E+00
618	1.38E+00
619	1.39E+00
620	1.39E+00
621	1.39E+00
622	1.34E+00
623	1.33E+00
624	1.33E+00
625	1.32E+00
626	1.32E+00
627	1.36E+00
628	1.28E+00
629	1.33E+00
630	1.31E+00
631	1.33E+00
632	1.28E+00
633	1.36E+00
634	1.34E+00
635	1.36E+00
636	1.33E+00
637	1.37E+00
638	1.38E+00
639	1.38E+00
640	1.35E+00
641	1.35E+00
642	1.35E+00
643	1.37E+00
644	1.36E+00
645	1.37E+00
646	1.33E+00
647	1.32E+00
648	1.31E+00
649	1.27E+00
650	1.28E+00
651	1.36E+00
652	1.30E+00
653	1.34E+00
654	1.33E+00
655	1.27E+00
656	1.11E+00
657	1.16E+00
658	1.30E+00
659	1.30E+00
660	1.31E+00
661	1.31E+00
662	1.30E+00
663	1.30E+00
664	1.31E+00
665	1.33E+00
666	1.33E+00
667	1.32E+00
668	1.33E+00
669	1.35E+00
670	1.33E+00
671	1.33E+00
672	1.31E+00
673	1.32E+00
674	1.32E+00
675	1.31E+00
676	1.32E+00
677	1.31E+00
678	1.32E+00
679	1.30E+00
680	1.31E+00
681	1.30E+00
682	1.31E+00
683	1.29E+00
684	1.28E+00
685	1.29E+00
686	1.26E+00
687	9.04E-01
688	1.05E+00
689	1.05E+00
690	1.10E+00
691	1.15E+00
692	1.18E+00
693	1.18E+00
694	1.16E+00
695	1.19E+00
696	1.18E+00
697	1.25E+00
698	1.23E+00
699	1.21E+00
700	1.20E+00
701	1.18E+00
702	1.18E+00
703	1.19E+00
704	1.22E+00
705	1.23E+00
706	1.23E+00
707	1.22E+00
708	1.22E+00
709	1.22E+00
710	1.23E+00
711	1.23E+00
712	1.22E+00
713	1.20E+00
714	1.21E+00
715	1.17E+00
716	1.18E+00
717	1.03E+00
718	9.59E-01
719	8.60E-01
720	9.18E-01
721	1.01E+00
722	1.16E+00
723	1.07E+00
724	9.83E-01
725	9.67E-01
726	1.01E+00
727	1.01E+00
728	9.69E-01
729	9.75E-01
730	1.05E+00
731	9.96E-01
732	1.07E+00
733	1.11E+00
734	1.15E+00
735	1.14E+00
736	1.12E+00
737	1.12E+00
738	1.14E+00
739	1.11E+00
740	1.14E+00
741	1.13E+00
742	1.13E+00
743	1.16E+00
744	1.17E+00
745	1.17E+00
746	1.16E+00
747	1.16E+00
748	1.16E+00
749	1.15E+00
750	1.15E+00
751	1.15E+00
752	1.15E+00
753	1.14E+00
754	1.16E+00
755	1.16E+00
756	1.14E+00
757	1.14E+00
758	1.15E+00
759	1.11E+00
760	2.48E-01
761	1.44E-01
762	6.42E-01
763	3.54E-01
764	5.03E-01
765	6.41E-01
766	7.61E-01
767	9.10E-01
768	1.04E+00
769	1.05E+00
770	1.08E+00
771	1.09E+00
772	1.10E+00
773	1.10E+00
774	1.10E+00
775	1.10E+00
776	1.10E+00
777	1.10E+00
778	1.09E+00
779	1.10E+00
780	1.09E+00
781	1.08E+00
782	1.09E+00
783	1.08E+00
784	1.08E+00
785	1.08E+00
786	1.08E+00
787	1.07E+00
788	1.06E+00
789	1.05E+00
790	1.02E+00
791	1.03E+00
792	1.02E+00
793	1.02E+00
794	1.03E+00
795	1.02E+00
796	1.00E+00
797	1.02E+00
798	1.04E+00
799	1.02E+00
800	1.00E+00
801	1.01E+00
802	1.01E+00
803	9.96E-01
804	1.01E+00
805	9.86E-01
806	1.03E+00
807	1.02E+00
808	1.01E+00
809	9.86E-01
810	9.87E-01
811	9.85E-01
812	9.60E-01
813	9.42E-01
814	8.43E-01
815	8.36E-01
816	7.78E-01
817	7.96E-01
818	7.69E-01
819	8.46E-01
820	8.06E-01
821	9.33E-01
822	8.90E-01
823	6.29E-01
824	8.75E-01
825	9.07E-01
826	8.74E-01
827	9.21E-01
828	7.95E-01
829	8.69E-01
830	8.57E-01
831	8.65E-01
832	8.37E-01
833	8.94E-01
834	8.73E-01
835	9.39E-01
836	9.09E-01
837	9.44E-01
838	9.35E-01
839	9.37E-01
840	9.51E-01
841	9.45E-01
842	9.33E-01
843	9.41E-01
844	9.23E-01
845	9.51E-01
846	9.54E-01
847	9.28E-01
848	9.29E-01
849	9.23E-01
850	8.37E-01
851	9.13E-01
852	9.07E-01
853	9.03E-01
854	7.97E-01
855	8.55E-01
856	9.11E-01
857	9.28E-01
858	9.29E-01
859	9.29E-01
860	9.25E-01
861	9.24E-01
862	9.31E-01
863	9.37E-01
864	9.17E-01
865	9.02E-01
866	7.95E-01
867	8.57E-01
868	8.98E-01
869	8.89E-01
870	9.06E-01
871	8.93E-01
872	9.06E-01
873	8.97E-01
874	8.81E-01
875	8.68E-01
876	8.93E-01
877	8.96E-01
878	8.92E-01
879	8.77E-01
880	8.80E-01
881	8.51E-01
882	8.74E-01
883	8.71E-01
884	8.74E-01
885	8.85E-01
886	8.50E-01
887	8.53E-01
888	8.64E-01
889	8.76E-01
890	8.66E-01
891	8.68E-01
892	8.52E-01
893	8.19E-01
894	7.96E-01
895	7.61E-01
896	7.14E-01
897	6.24E-01
898	6.72E-01
899	5.14E-01
900	6.96E-01
901	5.61E-01
902	6.28E-01
903	6.45E-01
904	7.91E-01
905	7.66E-01
906	7.27E-01
907	5.98E-01
908	6.11E-01
909	6.60E-01
910	5.86E-01
911	6.25E-01
912	6.46E-01
913	5.88E-01
914	5.87E-01
915	6.35E-01
916	5.40E-01
917	6.84E-01
918	5.55E-01
919	6.91E-01
920	6.97E-01
921	7.31E-01
922	6.55E-01
923	6.98E-01
924	6.75E-01
925	6.66E-01
926	6.58E-01
927	7.37E-01
928	5.49E-01
929	5.11E-01
930	4.05E-01
931	3.83E-01
932	2.82E-01
933	2.33E-01
934	1.35E-01
935	2.35E-01
936	1.51E-01
937	1.53E-01
938	1.88E-01
939	3.74E-01
940	4.42E-01
941	3.49E-01
942	3.80E-01
943	2.61E-01
944	2.68E-01
945	3.45E-01
946	1.82E-01
947	3.48E-01
948	2.57E-01
949	4.63E-01
950	1.38E-01
951	4.54E-01
952	2.52E-01
953	3.22E-01
954	3.98E-01
955	3.20E-01
956	3.08E-01
957	2.54E-01
958	4.32E-01
959	3.51E-01
960	3.94E-01
961	4.33E-01
962	4.14E-01
963	4.74E-01
964	4.30E-01
965	4.73E-01
966	4.72E-01
967	4.71E-01
968	6.12E-01
969	6.43E-01
970	5.96E-01
971	6.70E-01
972	6.45E-01
973	5.69E-01
974	5.39E-01
975	5.54E-01
976	5.37E-01
977	6.00E-01
978	5.77E-01
979	5.99E-01
980	5.68E-01
981	6.69E-01
982	6.49E-01
983	6.26E-01
984	6.92E-01
985	6.45E-01
986	7.05E-01
987	6.94E-01
988	6.90E-01
989	7.04E-01
990	6.88E-01
991	7.08E-01
992	7.06E-01
993	6.93E-01
994	7.08E-01
995	7.06E-01
996	7.04E-01
997	6.95E-01
998	6.94E-01
999	6.94E-01
1000	6.91E-01
1001	6.99E-01
1002	6.84E-01
1003	6.90E-01
1004	6.80E-01
1005	6.41E-01
1006	6.70E-01
1007	6.84E-01
1008	6.83E-01
1009	6.76E-01
1010	6.76E-01
1011	6.79E-01
1012	6.76E-01
1013	6.75E-01
1014	6.77E-01
1015	6.66E-01
1016	6.69E-01
1017	6.61E-01
1018	6.71E-01
1019	6.48E-01
1020	6.57E-01
1021	6.60E-01
1022	6.49E-01
1023	6.54E-01
1024	6.49E-01
1025	6.56E-01
1026	6.55E-01
1027	6.52E-01
1028	6.53E-01
1029	6.45E-01
1030	6.49E-01
1031	6.46E-01
1032	6.47E-01
1033	6.36E-01
1034	6.40E-01
1035	6.42E-01
1036	6.42E-01
1037	6.35E-01
1038	6.32E-01
1039	6.36E-01
1040	6.32E-01
1041	6.32E-01
1042	6.32E-01
1043	6.26E-01
1044	6.29E-01
1045	6.25E-01
1046	6.09E-01
1047	6.18E-01
1048	6.24E-01
1049	6.20E-01
1050	6.16E-01
1051	6.17E-01
1052	6.13E-01
1053	6.11E-01
1054	6.08E-01
1055	6.10E-01
1056	6.08E-01
1057	6.07E-01
1058	6.01E-01
1059	5.82E-01
1060	5.99E-01
1061	5.85E-01
1062	5.96E-01
1063	5.86E-01
1064	5.95E-01
1065	5.92E-01
1066	5.81E-01
1067	5.84E-01
1068	5.83E-01
1069	5.52E-01
1070	5.69E-01
1071	5.81E-01
1072	5.79E-01
1073	5.68E-01
1074	5.85E-01
1075	5.58E-01
1076	5.79E-01
1077	5.69E-01
1078	5.68E-01
1079	5.70E-01
1080	5.63E-01
1081	5.47E-01
1082	5.55E-01
1083	5.63E-01
1084	5.45E-01
1085	5.59E-01
1086	5.22E-01
1087	5.34E-01
1088	5.59E-01
1089	5.46E-01
1090	5.24E-01
1091	5.54E-01
1092	5.48E-01
1093	4.81E-01
1094	5.09E-01
1095	4.90E-01
1096	4.74E-01
1097	5.45E-01
1098	4.74E-01
1099	4.78E-01
1100	4.58E-01
1101	4.68E-01
1102	4.41E-01
1103	4.39E-01
1104	4.40E-01
1105	4.77E-01
1106	3.73E-01
1107	4.54E-01
1108	3.90E-01
1109	3.89E-01
1110	4.52E-01
1111	3.12E-01
1112	3.90E-01
1113	2.53E-01
1114	2.83E-01
1115	2.35E-01
1116	1.90E-01
1117	7.49E-02
1118	2.05E-01
1119	1.07E-01
1120	1.34E-01
1121	1.75E-01
1122	7.69E-02
1123	1.21E-01
1124	1.02E-01
1125	1.36E-01
1126	4.85E-02
1127	1.48E-01
1128	9.34E-02
1129	9.97E-02
1130	6.64E-02
1131	2.79E-01
1132	2.21E-01
1133	1.44E-01
1134	3.93E-02
1135	1.45E-02
1136	1.21E-01
1137	2.71E-01
1138	1.92E-01
1139	2.82E-01
1140	2.41E-01
1141	1.82E-01
1142	2.12E-01
1143	2.94E-01
1144	1.07E-01
1145	1.38E-01
1146	1.49E-01
1147	5.57E-02
1148	2.56E-01
1149	2.06E-01
1150	1.15E-01
1151	1.92E-01
1152	2.34E-01
1153	2.25E-01
1154	1.34E-01
1155	2.96E-01
1156	2.65E-01
1157	2.97E-01
1158	2.94E-01
1159	3.18E-01
1160	2.70E-01
1161	3.28E-01
1162	3.31E-01
1163	4.42E-01
1164	3.80E-01
1165	3.65E-01
1166	3.54E-01
1167	3.87E-01
1168	3.95E-01
1169	3.99E-01
1170	4.33E-01
1171	4.23E-01
1172	4.30E-01
1173	4.31E-01
1174	3.17E-01
1175	4.27E-01
1176	4.51E-01
1177	4.46E-01
1178	3.40E-01
1179	4.58E-01
1180	4.17E-01
1181	4.30E-01
1182	3.06E-01
1183	4.15E-01
1184	3.97E-01
1185	3.85E-01
1186	4.51E-01
1187	4.31E-01
1188	3.17E-01
1189	3.93E-01
1190	4.38E-01
1191	4.23E-01
1192	4.48E-01
1193	4.30E-01
1194	4.44E-01
1195	4.23E-01
1196	4.08E-01
1197	4.52E-01
1198	4.11E-01
1199	3.46E-01
1200	4.24E-01
1201	4.14E-01
1202	4.14E-01
1203	4.11E-01
1204	3.43E-01
1205	4.13E-01
1206	4.55E-01
1207	4.07E-01
1208	4.10E-01
1209	3.92E-01
1210	4.29E-01
1211	3.99E-01
1212	4.02E-01
1213	4.44E-01
1214	4.11E-01
1215	4.04E-01
1216	4.41E-01
1217	4.31E-01
1218	4.34E-01
1219	4.23E-01
1220	4.34E-01
1221	4.40E-01
1222	4.27E-01
1223	4.20E-01
1224	4.24E-01
1225	4.38E-01
1226	4.43E-01
1227	4.10E-01
1228	4.42E-01
1229	4.42E-01
1230	4.36E-01
1231	4.47E-01
1232	4.42E-01
1233	4.30E-01
1234	4.45E-01
1235	4.40E-01
1236	4.44E-01
1237	4.39E-01
1238	4.43E-01
1239	4.38E-01
1240	4.36E-01
1241	4.38E-01
1242	4.38E-01
1243	4.34E-01
1244	4.31E-01
1245	4.33E-01
1246	4.35E-01
1247	4.33E-01
1248	4.35E-01
1249	4.36E-01
1250	4.33E-01
1251	4.29E-01
1252	4.27E-01
1253	4.24E-01
1254	4.20E-01
1255	4.27E-01
1256	4.17E-01
1257	4.13E-01
1258	4.22E-01
1259	4.05E-01
1260	4.09E-01
1261	3.90E-01
1262	3.75E-01
1263	3.79E-01
1264	3.52E-01
1265	3.75E-01
1266	3.65E-01
1267	3.68E-01
1268	3.51E-01
1269	2.34E-01
1270	3.67E-01
1271	3.87E-01
1272	3.88E-01
1273	3.85E-01
1274	3.85E-01
1275	3.91E-01
1276	3.95E-01
1277	3.98E-01
1278	4.05E-01
1279	4.03E-01
1280	4.00E-01
1281	3.92E-01
1282	3.54E-01
1283	3.86E-01
1284	3.99E-01
1285	4.02E-01
1286	4.05E-01
1287	4.00E-01
1288	3.98E-01
1289	3.88E-01
1290	3.92E-01
1291	3.96E-01
1292	3.75E-01
1293	3.91E-01
1294	3.83E-01
1295	3.84E-01
1296	3.69E-01
1297	3.52E-01
1298	3.72E-01
1299	3.88E-01
1300	3.34E-01
1301	3.44E-01
1302	3.71E-01
1303	3.28E-01
1304	2.84E-01
1305	3.64E-01
1306	3.65E-01
1307	2.90E-01
1308	3.29E-01
1309	3.64E-01
1310	2.86E-01
1311	3.17E-01
1312	3.15E-01
1313	2.98E-01
1314	2.73E-01
1315	2.71E-01
1316	3.08E-01
1317	2.96E-01
1318	3.16E-01
1319	2.55E-01
1320	2.46E-01
1321	2.84E-01
1322	2.87E-01
1323	2.21E-01
1324	2.49E-01
1325	3.06E-01
1326	2.66E-01
1327	2.53E-01
1328	2.23E-01
1329	1.69E-01
1330	2.18E-01
1331	1.37E-01
1332	1.38E-01
1333	1.93E-01
1334	1.61E-01
1335	2.20E-01
1336	1.74E-01
1337	1.56E-01
1338	1.69E-01
1339	1.68E-01
1340	1.60E-01
1341	1.62E-01
1342	1.69E-01
1343	1.21E-01
1344	7.18E-02
1345	1.03E-01
1346	5.52E-02
1347	5.70E-02
1348	4.48E-03
1349	1.53E-02
1350	1.52E-02
1351	4.37E-03
1352	1.43E-03
1353	9.00E-05
1354	2.72E-04
1355	3.36E-06
1356	4.50E-05
1357	6.73E-05
1358	3.91E-06
1359	6.81E-07
1360	1.99E-06
1361	4.43E-09
1362	1.65E-11
1363	2.94E-06
1364	1.26E-06
1365	8.25E-12
1366	1.19E-05
1367	4.64E-06
1368	1.33E-13
1369	4.80E-07
1370	2.71E-07
1371	1.82E-08
1372	2.56E-06
1373	4.16E-05
1374	1.68E-04
1375	3.04E-04
1376	2.42E-04
1377	1.15E-04
1378	1.04E-03
1379	4.90E-05
1380	7.66E-05
1381	2.22E-06
1382	2.39E-06
1383	4.09E-08
1384	5.73E-07
1385	1.95E-06
1386	2.35E-06
1387	1.87E-04
1388	3.78E-06
1389	5.47E-04
1390	4.64E-04
1391	3.24E-04
1392	2.23E-05
1393	1.09E-04
1394	7.08E-05
1395	6.27E-07
1396	5.84E-09
1397	4.61E-05
1398	1.20E-03
1399	7.66E-04
1400	2.99E-09
1401	9.74E-09
1402	1.74E-03
1403	2.25E-03
1404	6.99E-04
1405	3.40E-07
1406	1.93E-03
1407	1.65E-04
1408	1.56E-03
1409	5.85E-04
1410	4.41E-04
1411	2.00E-03
1412	2.50E-03
1413	2.22E-02
1414	3.44E-04
1415	1.74E-04
1416	3.39E-02
1417	1.12E-02
1418	1.29E-02
1419	2.04E-03
1420	7.87E-03
1421	8.72E-03
1422	4.42E-02
1423	8.79E-03
1424	1.62E-02
1425	2.46E-02
1426	2.65E-02
1427	4.73E-02
1428	4.33E-03
1429	3.63E-02
1430	5.89E-02
1431	4.80E-02
1432	2.40E-03
1433	3.42E-02
1434	2.00E-02
1435	2.04E-02
1436	3.66E-02
1437	2.85E-02
1438	1.27E-02
1439	4.88E-02
1440	3.78E-02
1441	3.04E-02
1442	3.47E-02
1443	4.31E-02
1444	5.91E-02
1445	4.76E-02
1446	2.21E-02
1447	3.46E-02
1448	1.11E-01
1449	9.78E-02
1450	2.62E-02
1451	1.08E-02
1452	5.97E-02
1453	7.85E-02
1454	1.32E-01
1455	6.33E-02
1456	8.47E-02
1457	1.12E-01
1458	1.31E-01
1459	1.56E-01
1460	8.18E-02
1461	8.65E-02
1462	1.25E-01
1463	4.14E-02
1464	1.46E-01
1465	8.95E-02
1466	6.24E-02
1467	3.45E-02
1468	7.37E-02
1469	9.09E-02
1470	4.75E-02
1471	1.71E-02
1472	4.47E-02
1473	6.72E-02
1474	9.33E-02
1475	1.77E-01
1476	6.59E-02
1477	6.68E-02
1478	6.08E-02
1479	1.15E-01
1480	5.81E-02
1481	1.11E-01
1482	5.60E-02
1483	1.42E-01
1484	1.32E-01
1485	1.20E-01
1486	1.18E-01
1487	5.80E-02
1488	9.03E-02
1489	1.82E-01
1490	1.68E-01
1491	1.90E-01
1492	1.58E-01
1493	1.74E-01
1494	1.94E-01
1495	1.75E-01
1496	1.62E-01
1497	2.18E-01
1498	1.82E-01
1499	2.09E-01
1500	2.41E-01
1501	2.54E-01
1502	2.24E-01
1503	1.77E-01
1504	1.54E-01
1505	1.76E-01
1506	2.47E-01
1507	2.44E-01
1508	2.33E-01
1509	1.79E-01
1510	2.60E-01
1511	2.54E-01
1512	2.50E-01
1513	2.32E-01
1514	2.16E-01
1515	2.55E-01
1516	2.46E-01
1517	2.39E-01
1518	2.42E-01
1519	2.34E-01
1520	2.54E-01
1521	2.64E-01
1522	2.53E-01
1523	2.69E-01
1524	2.65E-01
1525	2.48E-01
1526	2.57E-01
1527	2.52E-01
1528	2.68E-01
1529	2.62E-01
1530	2.45E-01
1531	2.59E-01
1532	2.68E-01
1533	2.66E-01
1534	2.59E-01
1535	2.57E-01
1536	2.64E-01
1537	2.63E-01
1538	2.62E-01
1539	2.62E-01
1540	2.55E-01
1541	2.59E-01
1542	2.59E-01
1543	2.62E-01
1544	2.62E-01
1545	2.66E-01
1546	2.64E-01
1547	2.63E-01
1548	2.57E-01
1549	2.63E-01
1550	2.60E-01
1551	2.60E-01
1552	2.61E-01
1553	2.61E-01
1554	2.55E-01
1555	2.57E-01
1556	2.53E-01
1557	2.60E-01
1558	2.58E-01
1559	2.58E-01
1560	2.56E-01
1561	2.60E-01
1562	2.57E-01
1563	2.57E-01
1564	2.53E-01
1565	2.57E-01
1566	2.53E-01
1567	2.53E-01
1568	2.47E-01
1569	2.45E-01
1570	2.33E-01
1571	2.26E-01
1572	2.29E-01
1573	2.25E-01
1574	2.32E-01
1575	2.31E-01
1576	2.37E-01
1577	2.08E-01
1578	2.26E-01
1579	2.28E-01
1580	2.35E-01
1581	2.39E-01
1582	2.33E-01
1583	2.38E-01
1584	2.40E-01
1585	2.49E-01
1586	2.46E-01
1587	2.43E-01
1588	2.41E-01
1589	2.23E-01
1590	2.33E-01
1591	2.33E-01
1592	2.43E-01
1593	2.48E-01
1594	2.46E-01
1595	2.48E-01
1596	2.35E-01
1597	2.37E-01
1598	2.44E-01
1599	2.33E-01
1600	2.29E-01
1601	2.15E-01
1602	2.16E-01
1603	2.15E-01
1604	2.20E-01
1605	2.28E-01
1606	2.32E-01
1607	2.24E-01
1608	2.21E-01
1609	2.19E-01
1610	2.09E-01
1611	2.18E-01
1612	2.22E-01
1613	2.28E-01
1614	2.29E-01
1615	2.32E-01
1616	2.22E-01
1617	2.26E-01
1618	2.34E-01
1619	2.32E-01
1620	2.26E-01
1621	2.25E-01
1622	2.29E-01
1623	2.33E-01
1624	2.34E-01
1625	2.29E-01
1626	2.31E-01
1627	2.32E-01
1628	2.32E-01
1629	2.32E-01
1630	2.28E-01
1631	2.29E-01
1632	2.29E-01
1633	2.24E-01
1634	2.24E-01
1635	2.25E-01
1636	2.27E-01
1637	2.19E-01
1638	2.12E-01
1639	2.12E-01
1640	2.07E-01
1641	2.11E-01
1642	2.13E-01
1643	2.07E-01
1644	2.15E-01
1645	2.10E-01
1646	2.09E-01
1647	2.19E-01
1648	2.09E-01
1649	2.11E-01
1650	2.17E-01
1651	2.01E-01
1652	2.15E-01
1653	2.15E-01
1654	2.08E-01
1655	2.14E-01
1656	2.13E-01
1657	2.14E-01
1658	2.17E-01
1659	2.13E-01
1660	2.15E-01
1661	2.16E-01
1662	2.11E-01
1663	2.14E-01
1664	2.13E-01
1665	2.04E-01
1666	1.72E-01
1667	2.03E-01
1668	2.07E-01
1669	2.07E-01
1670	2.14E-01
1671	2.11E-01
1672	2.04E-01
1673	2.09E-01
1674	2.08E-01
1675	2.06E-01
1676	2.04E-01
1677	2.05E-01
1678	2.02E-01
1679	2.05E-01
1680	1.98E-01
1681	1.88E-01
1682	1.96E-01
1683	2.02E-01
1684	1.91E-01
1685	2.06E-01
1686	2.03E-01
1687	1.98E-01
1688	2.03E-01
1689	2.00E-01
1690	1.98E-01
1691	1.86E-01
1692	2.00E-01
1693	2.04E-01
1694	1.98E-01
1695	2.02E-01
1696	2.02E-01
1697	1.74E-01
1698	2.00E-01
1699	1.98E-01
1700	1.93E-01
1702	1.97E-01
1705	1.91E-01
1710	1.81E-01
1715	1.83E-01
1720	1.81E-01
1725	1.72E-01
1730	1.68E-01
1735	1.56E-01
1740	1.63E-01
1745	1.50E-01
1750	1.60E-01
1755	1.48E-01
1760	1.54E-01
1765	1.28E-01
1770	1.37E-01
1775	1.11E-01
1780	9.71E-02
1785	7.43E-02
1790	8.59E-02
1795	4.53E-02
1800	3.07E-02
1805	1.43E-02
1810	9.32E-03
1815	3.15E-03
1820	9.46E-04
1825	1.22E-03
1830	4.94E-06
1835	6.09E-06
1840	5.93E-08
1845	5.93E-06
1850	2.84E-06
1855	2.69E-07
1860	1.06E-05
1865	1.62E-05
1870	2.50E-10
1875	4.23E-10
1880	7.43E-05
1885	4.21E-05
1890	2.14E-04
1895	1.24E-04
1900	8.23E-07
1905	5.41E-07
1910	2.21E-05
1915	1.92E-05
1920	4.35E-04
1925	9.06E-04
1930	5.34E-04
1935	3.49E-03
1940	3.19E-03
1945	1.06E-02
1950	1.63E-02
1955	9.77E-03
1960	2.13E-02
1965	2.78E-02
1970	4.76E-02
1975	6.62E-02
1980	7.30E-02
1985	8.04E-02
1990	8.35E-02
1995	7.92E-02
2000	3.73E-02
2005	1.47E-02
2010	3.89E-02
2015	2.59E-02
2020	4.39E-02
2025	7.25E-02
2030	8.30E-02
2035	9.45E-02
2040	8.78E-02
2045	8.92E-02
2050	6.66E-02
2055	5.38E-02
2060	6.78E-02
2065	6.07E-02
2070	6.44E-02
2075	7.60E-02
2080	8.52E-02
2085	8.35E-02
2090	8.75E-02
2095	8.81E-02
2100	8.45E-02
2105	9.15E-02
2110	8.80E-02
2115	9.00E-02
2120	8.60E-02
2125	8.70E-02
2130	8.81E-02
2135	8.84E-02
2140	8.91E-02
2145	8.78E-02
2150	8.30E-02
2155	8.32E-02
2160	8.26E-02
2165	7.49E-02
2170	8.04E-02
2175	7.89E-02
2180	8.03E-02
2185	7.31E-02
2190	7.75E-02
2195	7.75E-02
2200	6.98E-02
2205	7.25E-02
2210	7.78E-02
2215	7.48E-02
2220	7.63E-02
2225	7.40E-02
2230	7.44E-02
2235	7.29E-02
2240	7.18E-02
2245	6.96E-02
2250	7.07E-02
2255	6.65E-02
2260	6.58E-02
2265	6.70E-02
2270	6.38E-02
2275	6.30E-02
2280	6.52E-02
2285	6.20E-02
2290	6.22E-02
2295	6.03E-02
2300	5.79E-02
2305	5.82E-02
2310	6.28E-02
2315	5.72E-02
2320	5.12E-02
2325	5.53E-02
2330	5.59E-02
2335	5.70E-02
2340	4.50E-02
2345	5.05E-02
2350	4.08E-02
2355	4.67E-02
2360	4.94E-02
2365	4.86E-02
2370	3.03E-02
2375	4.34E-02
2380	4.18E-02
2385	3.03E-02
2390	3.60E-02
2395	3.95E-02
2400	4.30E-02
2405	3.30E-02
2410	3.32E-02
2415	2.68E-02
2420	2.61E-02
2425	3.25E-02
2430	4.38E-02
2435	1.46E-02
2440	4.26E-02
2445	2.04E-02
2450	1.34E-02
2455	2.44E-02
2460	3.28E-02
2465	2.38E-02
2470	1.64E-02
2475	1.62E-02
2480	7.90E-03
2485	5.51E-03
2490	3.44E-03
2495	2.82E-03
2500	6.93E-03
2505	1.49E-03
2510	2.17E-03
2515	5.07E-04
2520	3.61E-04
2525	4.01E-05
2530	6.11E-07
2535	1.68E-07
2540	3.62E-07
2545	5.10E-11
2550	2.62E-13
2555	9.90E-10
2560	2.94E-11
2565	1.49E-14
2570	1.40E-18
2575	9.46E-28
2580	3.42E-22
2585	1.46E-34
2590	4.70E-31
2595	2.01E-33
2600	3.89E-28
2605	5.01E-35
2610	5.04E-34
2615	9.38E-38
2620	4.98E-29
2625	3.34E-28
2630	1.40E-45
2635	3.60E-16
2640	1.08E-16
2645	8.18E-19
2650	1.29E-19
2655	1.14E-27
2660	2.32E-25
2665	9.49E-38
2670	0.00E+00
2675	0.00E+00
2680	0.00E+00
2685	0.00E+00
2690	9.04E-30
2695	6.36E-33
2700	0.00E+00
2705	2.65E-42
2710	1.02E-35
2715	3.44E-26
2720	4.20E-45
2725	6.70E-22
2730	5.53E-19
2735	5.00E-21
2740	2.12E-27
2745	1.19E-23
2750	1.51E-28
2755	6.17E-44
2760	0.00E+00
2765	2.45E-27
2770	7.70E-24
2775	3.70E-38
2780	4.53E-34
2785	3.63E-27
2790	1.15E-16
2795	3.41E-16
2800	1.59E-12
2805	6.50E-14
2810	3.90E-10
2815	2.78E-10
2820	1.98E-11
2825	1.71E-07
2830	3.82E-06
2835	2.05E-10
2840	1.91E-07
2845	4.00E-05
2850	1.13E-06
2855	4.40E-07
2860	2.50E-05
2865	1.66E-04
2870	6.20E-06
2875	3.88E-04
2880	2.45E-04
2885	4.49E-04
2890	1.84E-04
2895	2.65E-03
2900	8.05E-04
2905	1.10E-04
2910	2.71E-03
2915	1.25E-03
2920	2.88E-03
2925	1.08E-03
2930	5.86E-03
2935	6.46E-03
2940	1.62E-03
2945	1.44E-03
2950	5.20E-03
2955	2.33E-03
2960	4.58E-03
2965	7.41E-03
2970	3.50E-04
2975	8.48E-04
2980	1.33E-03
2985	6.94E-03
2990	1.03E-02
2995	4.26E-03
3000	7.82E-03
3005	2.88E-03
3010	6.83E-03
3015	5.53E-03
3020	6.29E-04
3025	7.48E-03
3030	6.06E-03
3035	2.49E-03
3040	2.01E-03
3045	4.19E-03
3050	1.03E-03
3055	2.87E-04
3060	6.29E-03
3065	2.90E-03
3070	1.74E-03
3075	6.01E-03
3080	3.61E-03
3085	1.76E-03
3090	2.37E-03
3095	6.51E-04
3100	4.39E-03
3105	9.17E-04
3110	8.40E-04
3115	2.26E-03
3120	9.81E-03
3125	3.02E-03
3130	5.75E-03
3135	1.14E-02
3140	3.32E-03
3145	3.24E-03
3150	6.66E-03
3155	5.63E-03
3160	9.22E-03
3165	1.40E-02
3170	1.25E-02
3175	9.23E-03
3180	1.06E-02
3185	8.08E-03
3190	4.23E-03
3195	2.68E-03
3200	4.36E-04
3205	3.08E-04
3210	1.35E-04
3215	4.94E-04
3220	1.60E-03
3225	1.98E-04
3230	3.39E-04
3235	7.29E-03
3240	3.74E-03
3245	7.31E-04
3250	2.60E-03
3255	9.93E-03
3260	1.22E-03
3265	2.44E-03
3270	1.22E-03
3275	5.93E-03
3280	2.86E-03
3285	1.11E-02
3290	8.76E-03
3295	1.22E-03
3300	1.78E-03
3305	3.94E-03
3310	3.92E-03
3315	1.61E-05
3320	5.97E-05
3325	3.52E-03
3330	4.66E-03
3335	9.08E-03
3340	3.46E-03
3345	3.54E-03
3350	8.03E-03
3355	3.63E-03
3360	5.24E-03
3365	7.20E-03
3370	3.94E-03
3375	8.47E-03
3380	5.12E-03
3385	7.51E-03
3390	9.89E-03
3395	9.58E-03
3400	1.26E-02
3405	4.47E-03
3410	7.10E-03
3415	7.31E-03
3420	1.32E-02
3425	1.00E-02
3430	8.73E-03
3435	1.16E-02
3440	8.07E-03
3445	1.13E-02
3450	1.12E-02
3455	8.34E-03
3460	1.25E-02
3465	9.86E-03
3470	1.23E-02
3475	1.10E-02
3480	1.13E-02
3485	1.21E-02
3490	1.04E-02
3495	1.23E-02
3500	1.20E-02
3505	1.19E-02
3510	1.20E-02
3515	1.15E-02
3520	1.22E-02
3525	1.14E-02
3530	1.12E-02
3535	9.48E-03
3540	9.05E-03
3545	9.56E-03
3550	1.06E-02
3555	9.07E-03
3560	1.08E-02
3565	1.09E-02
3570	8.36E-03
3575	8.67E-03
3580	1.02E-02
3585	9.18E-03
3590	9.47E-03
3595	9.69E-03
3600	1.03E-02
3605	1.04E-02
3610	9.50E-03
3615	9.51E-03
3620	1.16E-02
3625	1.03E-02
3630	9.98E-03
3635	1.03E-02
3640	1.15E-02
3645	1.06E-02
3650	1.01E-02
3655	1.10E-02
3660	1.09E-02
3665	1.03E-02
3670	7.92E-03
3675	4.83E-03
3680	8.33E-03
3685	9.43E-03
3690	9.69E-03
3695	1.01E-02
3700	1.09E-02
3705	1.08E-02
3710	9.38E-03
3715	9.24E-03
3720	1.04E-02
3725	1.07E-02
3730	9.28E-03
3735	8.59E-03
3740	8.86E-03
3745	1.03E-02
3750	9.30E-03
3755	9.00E-03
3760	8.86E-03
3765	8.56E-03
3770	9.13E-03
3775	9.06E-03
3780	9.58E-03
3785	8.81E-03
3790	7.75E-03
3795	8.87E-03
3800	9.86E-03
3805	9.30E-03
3810	8.24E-03
3815	7.74E-03
3820	9.66E-03
3825	9.50E-03
3830	9.59E-03
3835	7.67E-03
3840	8.97E-03
3845	8.77E-03
3850	8.82E-03
3855	8.50E-03
3860	7.97E-03
3865	8.10E-03
3870	7.36E-03
3875	6.75E-03
3880	6.52E-03
3885	6.77E-03
3890	6.88E-03
3895	7.47E-03
3900	7.91E-03
3905	7.92E-03
3910	7.13E-03
3915	6.98E-03
3920	6.94E-03
3925	6.85E-03
3930	7.04E-03
3935	7.35E-03
3940	7.40E-03
3945	7.53E-03
3950	7.62E-03
3955	7.71E-03
3960	7.74E-03
3965	7.80E-03
3970	7.67E-03
3975	7.50E-03
3980	7.38E-03
3985	7.42E-03
3990	7.36E-03
3995	7.20E-03
4000	7.10E-03