300	0.00101
305	0.0154
310	0.0476
315	0.128
320	0.193
325	0.263
330	0.446
335	0.438
340	0.473
345	0.433
350	0.499
355	0.577
360	0.565
365	0.59
370	0.714
375	0.558
380	0.665
385	0.641
390	0.76
395	0.772
400	1.07
405	1.1
410	1.01
415	1.18
420	1.09
425	1.21
430	0.85
435	1.21
440	1.32
445	1.43
450	1.53
455	1.5
460	1.51
465	1.52
470	1.5
475	1.61
480	1.6
485	1.55
490	1.6
495	1.62
500	1.51
505	1.53
510	1.51
515	1.49
520	1.48
525	1.53
530	1.49
535	1.5
540	1.42
545	1.48
550	1.47
555	1.49
560	1.41
565	1.45
570	1.41
575	1.4
580	1.42
585	1.45
590	1.3
595	1.35
600	1.39
605	1.41
610	1.39
615	1.39
620	1.39
625	1.32
630	1.31
635	1.36
640	1.35
645	1.37
650	1.28
655	1.27
660	1.31
665	1.33
670	1.33
675	1.31
680	1.31
685	1.29
690	1.1
695	1.19
700	1.2
705	1.23
710	1.23
715	1.17
720	0.918
725	0.967
730	1.05
735	1.14
740	1.14
745	1.17
750	1.15
755	1.16
760	0.248
765	0.641
770	1.08
775	1.1
780	1.09
785	1.08
790	1.02
795	1.02
800	1
805	0.986
810	0.987
815	0.836
820	0.806
825	0.907
830	0.857
835	0.939
840	0.951
845	0.951
850	0.837
855	0.855
860	0.925
865	0.902
870	0.906
875	0.868
880	0.88
885	0.885
890	0.866
895	0.761
900	0.696
905	0.766
910	0.586
915	0.635
920	0.697
925	0.666
930	0.405
935	0.235
940	0.442
945	0.345
950	0.138
955	0.32
960	0.394
965	0.473
970	0.596
975	0.554
980	0.568
985	0.645
990	0.688
995	0.706
1000	0.691
1005	0.641
1010	0.676
1015	0.666
1020	0.657
1025	0.656
1030	0.649
1035	0.642
1040	0.632
1045	0.625
1050	0.616
1055	0.61
1060	0.599
1065	0.592
1070	0.569
1075	0.558
1080	0.563
1085	0.559
1090	0.524
1095	0.49
1100	0.458
1105	0.477
1110	0.452
1115	0.235
1120	0.134
1125	0.136
1130	0.0664
1135	0.0145
1140	0.241
1145	0.138
1150	0.115
1155	0.296
1160	0.27
1165	0.365
1170	0.433
1175	0.427
1180	0.417
1185	0.385
1190	0.438
1195	0.423
1200	0.424
1205	0.413
1210	0.429
1215	0.404
1220	0.434
1225	0.438
1230	0.436
1235	0.44
1240	0.436
1245	0.433
1250	0.433
1255	0.427
1260	0.409
1265	0.375
1270	0.367
1275	0.391
1280	0.4
1285	0.402
1290	0.392
1295	0.384
1300	0.334
1305	0.364
1310	0.286
1315	0.271
1320	0.246
1325	0.306
1330	0.218
1335	0.22
1340	0.16
1345	0.103
1350	0.0152
1355	3.36e-06
1360	1.99e-06
1365	8.25e-12
1370	2.71e-07
1375	0.000304
1380	7.66e-05
1385	1.95e-06
1390	0.000464
1395	6.27e-07
1400	2.99e-09
1405	3.4e-07
1410	0.000441
1415	0.000174
1420	0.00787
1425	0.0246
1430	0.0589
1435	0.0204
1440	0.0378
1445	0.0476
1450	0.0262
1455	0.0633
1460	0.0818
1465	0.0895
1470	0.0475
1475	0.177
1480	0.0581
1485	0.12
1490	0.168
1495	0.175
1500	0.241
1505	0.176
1510	0.26
1515	0.255
1520	0.254
1525	0.248
1530	0.245
1535	0.257
1540	0.255
1545	0.266
1550	0.26
1555	0.257
1560	0.256
1565	0.257
1570	0.233
1575	0.231
1580	0.235
1585	0.249
1590	0.233
1595	0.248
1600	0.229
1605	0.228
1610	0.209
1615	0.232
1620	0.226
1625	0.229
1630	0.228
1635	0.225
1640	0.207
1645	0.21
1650	0.217
1655	0.214
1660	0.215
1665	0.204
1670	0.214
1675	0.206
1680	0.198
1685	0.206
1690	0.198
1695	0.202
1700	0.193
1705	0.191
1710	0.181
1715	0.183
1720	0.181
1725	0.172
1730	0.168
1735	0.156
1740	0.163
1745	0.15
1750	0.16
1755	0.148
1760	0.154
1765	0.128
1770	0.137
1775	0.111
1780	0.0971
1785	0.0743
1790	0.0859
1795	0.0453
1800	0.0307
1805	0.0143
1810	0.00932
1815	0.00315
1820	0.000946
1825	0.00122
1830	4.94e-06
1835	6.09e-06
1840	5.93e-08
1845	5.93e-06
1850	2.84e-06
1855	2.69e-07
1860	1.06e-05
1865	1.62e-05
1870	2.5e-10
1875	4.23e-10
1880	7.43e-05
1885	4.21e-05
1890	0.000214
1895	0.000124
1900	8.23e-07
1905	5.41e-07
1910	2.21e-05
1915	1.92e-05
1920	0.000435
1925	0.000906
1930	0.000534
1935	0.00349
1940	0.00319
1945	0.0106
1950	0.0163
1955	0.00977
1960	0.0213
1965	0.0278
1970	0.0476
1975	0.0662
1980	0.073
1985	0.0804
1990	0.0835
1995	0.0792
2000	0.0373
2005	0.0147
2010	0.0389
2015	0.0259
2020	0.0439
2025	0.0725
2030	0.083
2035	0.0945
2040	0.0878
2045	0.0892
2050	0.0666
2055	0.0538
2060	0.0678
2065	0.0607
2070	0.0644
2075	0.076
2080	0.0852
2085	0.0835
2090	0.0875
2095	0.0881
2100	0.0845
2105	0.0915
2110	0.088
2115	0.09
2120	0.086
2125	0.087
2130	0.0881
2135	0.0884
2140	0.0891
2145	0.0878
2150	0.083
2155	0.0832
2160	0.0826
2165	0.0749
2170	0.0804
2175	0.0789
2180	0.0803
2185	0.0731
2190	0.0775
2195	0.0775
2200	0.0698
2205	0.0725
2210	0.0778
2215	0.0748
2220	0.0763
2225	0.074
2230	0.0744
2235	0.0729
2240	0.0718
2245	0.0696
2250	0.0707
2255	0.0665
2260	0.0658
2265	0.067
2270	0.0638
2275	0.063
2280	0.0652
2285	0.062
2290	0.0622
2295	0.0603
2300	0.0579
2305	0.0582
2310	0.0628
2315	0.0572
2320	0.0512
2325	0.0553
2330	0.0559
2335	0.057
2340	0.045
2345	0.0505
2350	0.0408
2355	0.0467
2360	0.0494
2365	0.0486
2370	0.0303
2375	0.0434
2380	0.0418
2385	0.0303
2390	0.036
2395	0.0395
2400	0.043
2405	0.033
2410	0.0332
2415	0.0268
2420	0.0261
2425	0.0325
2430	0.0438
2435	0.0146
2440	0.0426
2445	0.0204
2450	0.0134
2455	0.0244
2460	0.0328
2465	0.0238
2470	0.0164
2475	0.0162
2480	0.0079
2485	0.00551
2490	0.00344
2495	0.00282
2500	0.00693
2505	0.00149
2510	0.00217
2515	0.000507
2520	0.000361
2525	4.01e-05
2530	6.11e-07
2535	1.68e-07
2540	3.62e-07
2545	5.1e-11
2550	2.62e-13
2555	9.9e-10
2560	2.94e-11
2565	1.49e-14
2570	1.4e-18
2575	9.46e-28
2580	3.42e-22
2585	1.46e-34
2590	4.7e-31
2595	2.01e-33
2600	3.89e-28
2605	5.01e-35
2610	5.04e-34
2615	9.38e-38
2620	4.98e-29
2625	3.34e-28
2630	0
2635	3.6e-16
2640	1.08e-16
2645	8.18e-19
2650	1.29e-19
2655	1.14e-27
2660	2.32e-25
2665	9.49e-38
2670	0
2675	0
2680	0
2685	0
2690	9.04e-30
2695	6.36e-33
2700	0
2705	2.65e-42
2710	1.02e-35
2715	3.44e-26
2720	0
2725	6.7e-22
2730	5.53e-19
2735	5e-21
2740	2.12e-27
2745	1.19e-23
2750	1.51e-28
2755	6.17e-44
2760	0
2765	2.45e-27
2770	7.7e-24
2775	3.7e-38
2780	4.53e-34
2785	3.63e-27
2790	1.15e-16
2795	3.41e-16
2800	1.59e-12
2805	6.5e-14
2810	3.9e-10
2815	2.78e-10
2820	1.98e-11
2825	1.71e-07
2830	3.82e-06
2835	2.05e-10
2840	1.91e-07
2845	4e-05
2850	1.13e-06
2855	4.4e-07
2860	2.5e-05
2865	0.000166
2870	6.2e-06
2875	0.000388
2880	0.000245
2885	0.000449
2890	0.000184
2895	0.00265
2900	0.000805
2905	0.00011
2910	0.00271
2915	0.00125
2920	0.00288
2925	0.00108
2930	0.00586
2935	0.00646
2940	0.00162
2945	0.00144
2950	0.0052
2955	0.00233
2960	0.00458
2965	0.00741
2970	0.00035
2975	0.000848
2980	0.00133
2985	0.00694
2990	0.0103
2995	0.00426
3000	0.00782
3005	0.00288
3010	0.00683
3015	0.00553
3020	0.000629
3025	0.00748
3030	0.00606
3035	0.00249
3040	0.00201
3045	0.00419
3050	0.00103
3055	0.000287
3060	0.00629
3065	0.0029
3070	0.00174
3075	0.00601
3080	0.00361
3085	0.00176
3090	0.00237
3095	0.000651
3100	0.00439
3105	0.000917
3110	0.00084
3115	0.00226
3120	0.00981
3125	0.00302
3130	0.00575
3135	0.0114
3140	0.00332
3145	0.00324
3150	0.00666
3155	0.00563
3160	0.00922
3165	0.014
3170	0.0125
3175	0.00923
3180	0.0106
3185	0.00808
3190	0.00423
3195	0.00268
3200	0.000436
3205	0.000308
3210	0.000135
3215	0.000494
3220	0.0016
3225	0.000198
3230	0.000339
3235	0.00729
3240	0.00374
3245	0.000731
3250	0.0026
3255	0.00993
3260	0.00122
3265	0.00244
3270	0.00122
3275	0.00593
3280	0.00286
3285	0.0111
3290	0.00876
3295	0.00122
3300	0.00178
3305	0.00394
3310	0.00392
3315	1.61e-05
3320	5.97e-05
3325	0.00352
3330	0.00466
3335	0.00908
3340	0.00346
3345	0.00354
3350	0.00803
3355	0.00363
3360	0.00524
3365	0.0072
3370	0.00394
3375	0.00847
3380	0.00512
3385	0.00751
3390	0.00989
3395	0.00958
3400	0.0126
3405	0.00447
3410	0.0071
3415	0.00731
3420	0.0132
3425	0.01
3430	0.00873
3435	0.0116
3440	0.00807
3445	0.0113
3450	0.0112
3455	0.00834
3460	0.0125
3465	0.00986
3470	0.0123
3475	0.011
3480	0.0113
3485	0.0121
3490	0.0104
3495	0.0123
3500	0.012
3505	0.0119
3510	0.012
3515	0.0115
3520	0.0122
3525	0.0114
3530	0.0112
3535	0.00948
3540	0.00905
3545	0.00956
3550	0.0106
3555	0.00907
3560	0.0108
3565	0.0109
3570	0.00836
3575	0.00867
3580	0.0102
3585	0.00918
3590	0.00947
3595	0.00969
3600	0.0103
3605	0.0104
3610	0.0095
3615	0.00951
3620	0.0116
3625	0.0103
3630	0.00998
3635	0.0103
3640	0.0115
3645	0.0106
3650	0.0101
3655	0.011
3660	0.0109
3665	0.0103
3670	0.00792
3675	0.00483
3680	0.00833
3685	0.00943
3690	0.00969
3695	0.0101
3700	0.0109
3705	0.0108
3710	0.00938
3715	0.00924
3720	0.0104
3725	0.0107
3730	0.00928
3735	0.00859
3740	0.00886
3745	0.0103
3750	0.0093
3755	0.009
3760	0.00886
3765	0.00856
3770	0.00913
3775	0.00906
3780	0.00958
3785	0.00881
3790	0.00775
3795	0.00887
3800	0.00986
3805	0.0093
3810	0.00824
3815	0.00774
3820	0.00966
3825	0.0095
3830	0.00959
3835	0.00767
3840	0.00897
3845	0.00877
3850	0.00882
3855	0.0085
3860	0.00797
3865	0.0081
3870	0.00736
3875	0.00675
3880	0.00652
3885	0.00677
3890	0.00688
3895	0.00747
3900	0.00791
3905	0.00792
3910	0.00713
3915	0.00698
3920	0.00694
3925	0.00685
3930	0.00704
3935	0.00735
3940	0.0074
3945	0.00753
3950	0.00762
3955	0.00771
3960	0.00774
3965	0.0078
3970	0.00767
3975	0.0075
3980	0.00738
3985	0.00742
3990	0.00736
3995	0.0072
4000	0.0071